# Created by Octave 9.2.0, Sun Sep 22 23:04:21 2024 IST <ojaswichopra@Ojaswis-MacBook-Air.local>
# name: a
# type: scalar
1


# name: b
# type: scalar
2


# name: x
# type: scalar
3


