# Created by Octave 9.2.0, Fri Nov 29 22:25:01 2024 IST <ojaswichopra@Ojaswis-MacBook-Air-6.local>
# name: maximum_mva
# type: matrix
# rows: 1
# columns: 11
 23.38116151882927 22.926804197441651 22.439181683011981 51.364549770035843 0 0 45.194400803331767 22.753097273465471 21.490322106760321 21.53883857187423 9.6754440304533311


# name: maximum_unbalance
# type: matrix
# rows: 1
# columns: 11
 0.26982060188411372 0.26459046263039659 0.25907333178280562 0.60436868996510595 0 0 0.29401565908828592 0.26258463297801221 0.2485231003903374 0.24832205716692249 0.1118608838864316


