# Created by Octave 9.2.0, Thu Sep 19 02:02:43 2024 GMT <unknown@Zephyrus-Bhargav>
# name: a
# type: scalar
1


# name: b
# type: scalar
2


# name: x
# type: scalar
3


