# Created by Octave 9.2.0, Thu Sep 19 15:10:06 2024 IST <ojaswichopra@Ojaswis-MacBook-Air.local>
# name: a
# type: scalar
1


# name: b
# type: scalar
2


# name: x
# type: scalar
3


