# Created by Octave 9.2.0, Wed Jan 22 18:22:37 2025 IST <ojaswichopra@Ojaswis-MacBook-Air-6.local>
# name: maximum_mva
# type: matrix
# rows: 1
# columns: 11
 23.38116151882927 22.92658906721373 0 50.851644257357123 22.625001175702451 22.117771647005299 23.200280991142801 22.753097273465471 21.490322106760321 21.53883857187423 9.6754440304533311


# name: maximum_unbalance
# type: matrix
# rows: 1
# columns: 11
 0.26982060188411372 0.26477115369379012 0 0.33608541649180979 0.26194389581221322 0.25613080900655583 0.26786486551895888 0.26258463297801221 0.2485231003903374 0.24832205716692249 0.1118608838864316


