# Created by Octave 9.2.0, Wed Feb 26 04:05:49 2025 IST <ojaswichopra@Ojaswis-MacBook-Air-6.local>
# name: y
# type: scalar
24180


