# Created by Octave 9.2.0, Wed Feb 26 01:44:15 2025 IST <ojaswichopra@Ojaswis-MacBook-Air-6.local>
# name: d
# type: matrix
# rows: 1
# columns: 23
 0 5000 30000 55000 80000 105000 130000 155000 180000 205000 230000 255000 280000 305000 330000 355000 380000 405000 430000 455000 480000 505000 530000


