# Created by Octave 9.2.0, Wed Feb 26 01:44:16 2025 IST <ojaswichopra@Ojaswis-MacBook-Air-6.local>
# name: T_f_initial
# type: scalar
40


