# Created by Octave 9.2.0, Tue Feb 25 22:55:52 2025 IST <ojaswichopra@Ojaswis-MacBook-Air-6.local>
# name: T_r_initial
# type: scalar
40


